---
maxVel: 30.0
maxAccel: 40.0
maxAngVel: 3.141592653589793
maxAngAccel: 3.141592653589793
robotLength: 16.319
robotWidth: 17.147
driveType: "MECANUM"
trackWidth: 14.12
lateralMultiplier: 1.0
