---
maxVel: 30.0
maxAccel: 40.0
maxAngVel: 3.141592653589793
maxAngAccel: 3.141592653589793
robotLength: 16.0
robotWidth: 17.0
driveType: "MECANUM"
trackWidth: 14.5
lateralMultiplier: 1.0
