---
startPose:
  x: -55.0
  y: -60.0
  heading: -0.8726646259971648
startTangent: 0.6632251157578453
waypoints:
- position:
    x: -30.0
    y: -50.0
  heading: -0.3490658503988659
  tangent: 0.5061454830783556
  interpolationType: "LINEAR"
resolution: 0.25
version: 1
