---
startPose:
  x: 60.0
  y: -40.0
  heading: -1.5707963267948966
startTangent: 3.141592653589793
waypoints:
- position:
    x: -26.0
    y: -0.0
  heading: 3.141592653589793
  tangent: 3.141592653589793
  interpolationType: "SPLINE"
resolution: 0.25
version: 1
